25
5
41
35
72
17
42
46
53
63
54
87
65
8
68
95
73
28
34
54
77
26
82
48
78
78
74
26
62
90
95
30
66
7
72
55
39
13
52
78
49
36
16
50
30
60
90
35
64
65
43
92
19
14
8
95
3
22
73
75
32
9
50
1
70
73
98
49
45
87
96
17
35
1
40
69
6
31
10
8
77
10
80
79
65
70
9
8
87
64
99
91
56
100
87
18
67
78
100
88
86
79
100
49
70
48
80
59
73
79
5
60
81
87
12
48
71
82
87
55
91
59
19
20
77
69
76
4
68
65
39
34
59
11
93
5
25
40
50
41
33
79
98
36
88
88
60
89
12
49
51
90
87
100
61
10
62
1
24
5
65
27
42
48
36
25
93
35
79
97
39
70
30
64
67
88
19
70
19
47
58
88
6
32
25
86
3
60
59
61
34
49
48
37
73
99
46
69
49
88
50
27
46
24
64
21
4
51
100
59
32
56
28
100
36
72
99
35
21
56
72
61
77
5
20
30
1
30
70
49
36
38
88
56
64
42
92
86
50
60
84
59
80
4
93
83
95
71
29
96
